0	667
0	904
0	766
0	802
0	140
0	458
0	266
0	112
0	174
0	474
0	172
0	95
0	408
0	596
0	65
0	129
0	665
1	451
1	236
1	484
1	277
1	129
1	55
1	478
1	316
1	765
1	63
1	766
1	29
1	951
1	238
1	149
1	343
1	645
1	467
1	458
1	156
1	351
1	813
2	351
2	491
2	328
2	132
2	784
2	982
2	171
2	509
2	595
2	5
2	858
2	680
2	198
2	588
2	226
2	710
2	275
2	938
2	862
2	546
2	117
2	752
3	545
3	595
3	117
3	866
3	583
3	244
3	4
3	408
3	648
3	121
3	5
3	755
3	877
3	434
4	984
4	191
4	367
4	230
4	378
4	781
4	830
4	974
4	361
4	621
4	220
4	183
4	257
4	545
4	706
4	985
4	857
5	443
5	388
5	960
5	784
5	391
5	395
5	110
5	506
5	544
5	194
5	685
5	215
5	242
5	138
5	161
5	41
5	478
5	339
5	633
5	612
5	572
5	69
6	266
6	967
6	511
6	487
6	26
6	819
6	484
6	756
6	856
6	693
6	952
6	497
6	874
6	642
6	313
6	77
6	352
6	436
6	414
6	949
6	244
6	624
6	765
6	868
6	331
7	647
7	409
7	426
7	725
7	214
7	899
7	633
7	230
7	469
7	755
7	508
7	361
7	250
7	643
8	828
8	502
8	542
8	482
8	836
8	762
8	856
8	899
8	840
8	742
8	225
8	172
8	809
8	484
8	361
8	297
9	206
9	51
9	331
9	613
9	83
9	508
9	695
9	931
9	95
9	101
9	19
9	905
9	325
9	207
9	420
9	50
9	243
9	522
9	523
9	971
9	285
9	550
9	64
9	232
10	124
10	574
10	596
10	619
10	223
10	69
10	871
10	340
10	375
10	46
10	463
10	154
10	660
10	827
10	412
10	810
10	392
10	348
10	61
10	479
10	461
10	362
10	198
10	739
11	498
11	536
11	332
11	346
11	887
11	487
11	993
11	23
11	751
11	207
11	589
11	894
11	979
11	736
11	702
11	170
11	568
12	55
12	378
12	885
12	527
12	282
12	664
12	66
12	762
12	136
12	517
12	50
12	473
12	131
12	361
12	266
12	565
12	788
12	524
12	326
12	838
12	653
12	160
13	784
13	875
13	78
13	82
13	751
13	225
13	310
13	965
13	922
13	345
13	207
13	513
13	768
13	361
13	769
14	767
14	357
14	807
14	885
14	548
14	170
14	280
14	128
14	635
14	102
14	751
14	974
14	836
14	493
14	220
14	79
14	411
14	325
14	161
14	194
14	204
14	882
15	768
15	715
15	633
15	932
15	885
15	675
15	698
15	102
15	738
15	307
15	563
15	961
15	59
15	913
16	869
16	305
16	419
16	266
16	472
16	29
16	839
16	494
16	265
16	528
16	564
16	925
16	929
16	674
16	109
17	213
17	537
17	333
17	173
17	36
17	51
17	515
17	846
17	633
17	711
17	205
17	460
17	476
17	644
17	767
17	262
17	264
18	421
18	382
18	63
18	258
18	82
18	890
18	741
18	313
18	292
18	909
18	943
18	147
18	939
18	207
18	288
18	400
18	713
18	798
18	393
18	832
18	173
18	703
19	455
19	87
19	146
19	628
19	439
19	523
19	844
19	435
19	148
19	512
19	737
19	309
19	825
19	469
19	481
20	826
20	744
20	604
20	665
20	244
20	903
20	479
20	917
20	637
20	232
20	407
20	332
20	91
20	975
20	264
20	838
20	883
20	61
20	99
21	665
21	285
21	390
21	810
21	498
21	700
21	90
21	135
21	589
21	153
21	588
21	195
21	570
21	612
21	815
21	766
21	363
21	816
21	231
21	222
21	895
21	328
21	728
22	163
22	114
22	767
22	96
22	409
22	250
22	678
22	64
22	890
22	888
22	360
22	829
22	849
22	836
22	537
22	107
22	754
22	887
22	995
22	193
22	926
22	339
22	375
22	759
22	787
22	703
22	813
22	628
22	861
22	437
22	600
23	114
23	396
23	61
23	56
23	453
23	391
23	505
23	870
23	643
23	669
23	939
23	997
23	884
23	852
23	923
23	162
23	781
23	209
23	942
23	414
23	965
23	865
24	549
24	448
24	407
24	621
24	538
24	486
24	973
24	294
24	267
24	266
24	481
24	934
24	508
24	960
24	292
24	253
24	809
24	217
24	912
24	387
24	61
24	609
24	541
24	118
24	248
24	720
25	483
25	342
25	134
25	814
25	210
25	543
25	866
25	114
25	646
25	426
25	431
25	532
25	515
25	313
25	770
25	71
25	956
25	505
25	397
25	957
25	311
25	911
25	376
25	274
25	143
26	876
26	127
26	760
26	210
26	243
26	288
26	184
26	747
26	956
26	406
26	408
26	506
26	510
26	525
26	712
26	204
26	155
27	198
27	98
27	720
27	371
27	147
27	969
27	821
27	496
27	201
27	399
27	391
27	125
27	534
27	127
28	541
28	631
28	900
28	70
28	657
28	288
28	611
28	474
28	388
28	840
28	625
28	933
28	757
28	159
28	515
28	549
28	710
28	767
28	586
28	425
28	968
28	420
28	77
28	886
28	829
29	682
29	440
29	157
29	549
29	591
29	848
29	823
29	513
29	821
29	354
29	491
29	669
29	149
29	185
29	243
29	287
29	642
29	302
29	327
29	358
29	188
29	779
29	889
29	480
29	702
29	446
29	573
30	298
30	587
30	230
30	699
30	457
30	234
30	310
30	111
30	622
30	322
30	96
30	715
30	881
30	720
30	442
30	680
30	600
30	564
30	98
30	67
31	360
31	604
31	73
31	110
31	292
31	824
31	908
31	519
31	866
31	714
31	808
31	981
31	971
31	949
31	224
31	372
31	689
31	115
31	112
31	923
31	882
31	189
31	331
31	900
31	847
31	926
32	484
32	679
32	209
32	175
32	687
32	524
32	396
32	214
32	751
32	850
32	357
32	163
32	693
32	738
32	443
32	845
32	158
32	81
32	405
32	506
32	217
33	177
33	574
33	613
33	565
33	551
33	224
33	992
33	957
33	767
33	990
33	775
33	714
33	649
33	681
33	757
33	403
33	488
33	636
33	796
33	58
34	481
34	244
34	674
34	67
34	308
34	780
34	970
34	314
34	461
34	532
34	755
34	847
34	563
34	152
34	310
34	125
34	347
34	42
35	325
35	146
35	746
35	666
35	635
35	506
35	116
35	536
35	972
35	724
35	804
35	282
35	834
35	614
35	225
35	655
35	100
35	772
35	88
35	449
35	102
36	938
36	902
36	149
36	170
36	319
36	927
36	124
36	473
36	203
36	922
36	591
36	56
36	813
36	658
36	465
36	391
36	386
36	845
36	549
37	95
37	567
37	894
37	225
37	584
37	381
37	340
37	837
37	889
37	983
37	920
37	90
37	83
37	108
37	902
37	198
37	115
37	368
37	105
37	418
37	741
37	347
38	108
38	202
38	382
38	648
38	859
38	941
38	102
38	316
38	914
38	42
38	525
38	323
38	481
38	554
38	591
38	877
38	79
38	336
38	907
38	570
38	655
38	963
38	361
38	614
39	775
39	360
39	985
39	651
39	961
39	260
39	937
39	75
39	458
39	830
39	531
39	65
39	675
39	769
39	813
39	94
39	61
39	213
39	507
40	569
40	81
40	663
40	489
40	900
40	953
40	941
40	581
40	187
40	810
40	246
40	910
40	943
40	828
40	82
40	340
40	161
41	806
41	912
41	488
41	633
41	962
41	398
41	705
41	57
41	220
41	370
41	845
41	113
41	109
41	644
41	995
41	420
41	512
41	350
41	344
41	990
41	781
41	382
41	785
42	555
42	849
42	779
42	936
42	223
42	115
42	50
42	393
42	145
42	537
42	382
42	576
42	765
42	856
42	345
42	926
42	202
43	871
43	620
43	380
43	774
43	967
43	489
43	800
43	377
43	223
43	505
43	913
43	499
43	579
43	378
43	705
43	308
43	296
43	638
44	853
44	445
44	970
44	478
44	991
44	966
44	784
44	227
44	722
44	160
44	165
44	602
44	263
44	413
44	541
44	846
44	219
44	45
44	407
44	477
44	269
44	392
44	173
44	284
45	640
45	46
45	707
45	356
45	989
45	544
45	830
45	186
45	153
45	958
45	537
45	255
45	746
45	161
45	597
45	654
45	88
45	653
45	854
45	827
46	661
46	613
46	289
46	56
46	394
46	281
46	329
46	938
46	657
47	187
47	252
47	516
47	670
47	956
47	394
47	559
47	487
47	170
47	760
47	467
47	551
47	712
47	295
47	424
47	881
47	229
47	934
47	784
47	245
47	658
48	661
48	502
48	609
48	758
48	315
48	655
48	621
48	345
48	232
48	843
48	997
48	178
48	984
48	274
48	280
48	628
49	886
49	75
49	738
49	59
49	265
49	427
49	482
49	208
49	650
49	86
49	356
49	731
49	871
49	753
49	671
49	114
49	231
50	329
50	893
50	765
50	655
50	790
50	889
50	481
50	432
50	200
50	371
50	596
50	972
50	278
50	853
50	261
50	912
50	271
50	659
50	310
50	264
50	764
50	916
50	510
50	255
51	531
51	556
51	144
51	161
51	70
51	512
51	855
51	451
51	526
51	445
51	826
51	304
52	933
52	396
52	577
52	519
52	126
52	756
52	399
52	830
52	248
52	536
52	104
52	973
52	384
52	93
52	657
52	337
52	324
52	607
52	951
52	924
52	487
53	711
53	105
53	146
53	472
53	333
53	730
53	318
53	545
53	717
53	424
53	433
53	507
53	179
53	190
53	651
53	367
53	858
53	366
53	990
53	586
53	300
53	387
53	67
53	796
53	956
53	188
53	604
54	399
54	476
54	649
54	593
54	519
54	387
54	525
54	920
54	336
54	972
54	465
54	974
54	293
54	64
54	415
54	390
54	261
55	223
55	701
55	510
55	594
55	150
55	760
55	492
55	711
55	798
55	237
55	293
55	469
55	423
55	601
55	368
55	776
55	794
55	198
55	487
55	748
55	112
55	881
55	569
56	117
56	372
56	649
56	282
56	347
56	360
56	775
56	853
56	632
56	236
56	816
56	86
56	709
56	985
56	648
56	896
56	92
56	714
56	575
57	164
57	910
57	964
57	612
57	278
57	820
57	546
57	258
57	181
57	260
57	786
57	373
57	394
57	665
57	815
57	883
57	868
58	484
58	726
58	853
58	806
58	676
58	891
58	160
58	371
58	197
58	249
58	292
58	547
58	399
58	347
58	183
58	133
58	496
58	981
58	148
58	846
58	171
58	186
58	837
58	642
59	221
59	903
59	918
59	488
59	649
59	752
59	782
59	889
59	384
59	124
59	772
59	571
59	86
59	998
59	356
59	509
59	615
59	882
59	321
59	806
59	854
59	284
60	467
60	567
60	939
60	951
60	817
60	270
60	256
60	375
60	494
60	82
60	369
60	105
60	882
60	321
60	953
60	72
60	565
60	773
60	341
60	771
60	170
60	196
60	205
60	820
61	208
61	304
61	128
61	921
61	183
61	728
61	572
61	796
61	461
61	323
61	306
61	952
61	727
61	317
61	916
61	294
61	121
61	245
62	586
62	770
62	855
62	210
62	667
62	286
62	144
62	66
62	657
62	749
62	816
62	681
62	177
62	447
62	932
62	910
62	916
62	627
62	342
62	215
62	693
62	952
63	304
63	232
63	173
63	116
63	150
63	654
63	397
63	749
63	689
63	558
63	959
63	670
63	98
63	112
63	738
63	527
63	111
63	882
63	427
63	981
63	751
64	347
64	209
64	424
64	310
64	577
64	833
64	985
64	263
64	819
64	615
64	241
64	166
64	920
64	195
64	74
64	939
64	714
64	585
64	677
64	299
64	929
64	374
64	238
65	407
65	415
65	284
65	597
65	864
65	895
65	788
65	270
65	725
65	452
65	817
65	551
65	793
65	105
65	466
65	410
66	647
66	180
66	352
66	511
66	325
66	198
66	517
66	834
66	264
66	173
66	191
66	884
66	973
66	522
66	243
66	365
66	254
66	802
66	535
66	797
66	466
66	300
66	499
66	826
66	549
66	623
66	74
67	432
67	215
67	563
67	732
67	322
67	387
67	422
67	967
67	521
67	665
67	381
67	533
67	920
67	814
67	292
67	108
67	378
67	366
67	89
68	410
68	318
68	368
68	324
68	864
68	844
68	846
68	850
68	192
68	398
68	753
68	645
68	924
68	886
68	361
68	344
69	436
69	201
69	978
69	747
69	952
69	529
69	698
69	671
69	274
69	244
69	353
69	344
69	385
69	496
69	283
69	877
69	428
69	221
69	875
69	868
70	479
70	597
70	637
70	725
70	395
70	763
70	142
70	307
70	162
70	827
70	290
70	116
70	146
71	173
71	829
71	203
71	295
71	455
71	957
71	569
71	869
71	651
71	341
71	162
72	436
72	887
72	360
72	81
72	862
72	892
72	358
72	876
72	722
72	140
72	714
72	153
72	604
72	229
72	794
72	274
72	941
72	453
72	422
72	404
72	519
72	924
72	749
72	170
72	960
72	448
73	965
73	461
73	881
73	429
73	531
73	787
73	83
73	867
73	116
73	599
73	828
73	136
73	748
73	253
73	855
73	425
73	746
73	652
74	902
74	623
74	510
74	200
74	413
74	208
74	853
74	938
74	796
74	700
74	587
74	133
74	969
74	206
74	123
74	212
74	632
74	242
74	546
74	81
74	626
74	146
74	813
74	270
74	387
74	453
74	841
74	109
74	256
75	637
75	687
75	125
75	969
75	122
75	900
75	77
75	886
75	267
75	259
76	259
76	326
76	459
76	680
76	201
76	568
76	422
76	195
76	79
76	117
76	789
76	344
76	653
76	545
76	363
76	602
76	338
76	327
76	989
76	970
76	384
77	473
77	579
77	93
77	105
77	780
77	366
77	774
77	305
77	495
77	659
77	866
77	663
77	623
77	211
77	406
77	658
77	806
77	271
77	457
78	816
78	838
78	310
78	211
78	236
78	651
78	697
78	297
78	813
78	516
78	468
78	578
78	997
78	480
78	934
78	140
78	909
78	392
78	935
79	360
79	349
79	488
79	992
79	392
79	996
79	396
79	721
79	757
79	226
80	538
80	853
80	120
80	447
80	98
80	712
80	358
80	627
80	633
80	974
80	319
80	234
80	424
80	176
81	897
81	730
81	970
81	829
81	319
81	616
81	414
81	391
81	728
81	746
81	379
81	915
81	272
81	173
81	863
81	665
81	362
82	601
82	827
82	429
82	490
82	650
82	786
82	910
82	386
82	313
82	880
82	670
82	564
82	401
82	200
82	520
82	598
82	354
82	398
82	775
82	457
83	251
83	765
83	236
83	342
83	815
83	963
83	214
83	206
83	700
83	369
83	358
83	345
83	233
83	818
83	456
83	431
83	819
83	734
83	519
83	802
83	899
83	643
83	516
83	735
83	724
83	321
84	886
84	647
84	846
84	162
84	947
84	353
84	407
84	985
84	608
84	945
84	456
84	350
84	860
84	667
85	588
85	702
85	613
85	500
85	200
85	960
85	747
85	224
85	676
85	538
85	746
85	198
85	738
85	649
85	160
85	703
86	513
86	780
86	327
86	989
86	594
86	421
86	900
86	981
86	230
86	171
86	415
86	836
86	489
86	561
86	537
87	777
87	838
87	533
87	645
87	434
87	972
87	543
87	571
87	350
87	250
87	401
87	313
87	963
87	659
88	226
88	728
88	655
88	225
88	670
88	853
88	711
88	495
88	464
88	604
88	999
88	117
88	986
88	107
88	676
88	527
88	483
88	192
88	693
88	475
89	967
89	221
89	723
89	694
89	566
89	188
89	947
89	403
89	747
89	754
90	692
90	820
90	751
90	989
90	614
90	532
90	514
90	468
90	100
90	708
90	942
90	586
91	458
91	895
91	411
91	994
91	641
91	213
91	208
91	917
91	792
91	932
91	466
91	305
91	774
91	589
91	163
91	956
91	294
91	862
92	114
92	194
92	192
92	813
92	332
92	755
92	448
92	768
92	375
92	570
92	675
92	928
92	384
92	897
92	831
92	219
92	907
93	504
93	412
93	560
93	710
93	859
93	515
93	736
93	921
93	499
93	836
93	726
93	962
93	988
93	959
93	362
93	424
93	528
93	245
93	652
93	391
93	98
93	482
93	489
93	415
93	389
93	956
93	132
94	481
94	534
94	440
94	499
94	952
94	991
94	721
94	527
94	582
94	222
94	806
94	702
94	769
94	255
95	469
95	745
95	862
95	248
95	967
95	923
95	115
95	454
95	630
95	507
95	777
95	405
95	244
96	582
96	596
96	743
96	559
96	977
96	768
96	113
96	343
96	440
96	642
96	654
96	666
96	533
96	294
96	601
96	444
96	111
96	917
97	723
97	627
97	269
97	779
97	702
97	516
97	667
97	517
97	591
97	426
97	913
97	612
97	969
97	847
97	876
97	454
97	620
98	106
98	962
98	135
98	199
98	425
98	98
98	626
98	939
98	148
98	710
98	659
98	643
99	973
99	683
99	504
99	457
99	914
99	133
99	238
99	824
99	334
99	292
99	329
99	897
99	366
99	359
99	675
99	287
99	471
99	789
100	288
100	205
100	534
100	917
100	187
100	109
100	825
100	759
100	260
100	327
100	863
100	574
100	739
100	240
100	111
101	166
101	835
101	344
101	525
101	200
101	130
101	530
101	410
101	596
101	392
101	579
101	584
101	855
101	387
101	544
102	335
102	307
102	657
102	546
102	594
102	565
102	291
102	134
102	518
102	572
102	966
102	838
102	551
102	962
102	943
103	460
103	419
103	918
103	499
103	212
103	248
103	728
103	240
103	750
103	481
103	998
103	531
103	413
103	396
103	532
103	373
103	342
103	904
103	740
103	670
104	577
104	959
104	467
104	973
104	404
104	958
104	355
104	769
104	830
104	320
104	986
104	532
104	472
104	334
104	237
104	329
105	373
105	860
105	737
105	491
105	603
105	346
105	960
105	219
105	605
105	638
105	885
105	578
105	738
105	178
105	521
105	632
105	279
105	808
105	463
105	987
105	524
105	458
105	108
105	529
106	137
106	516
106	398
106	973
106	392
106	171
106	589
106	383
106	295
106	582
106	657
106	730
106	571
106	158
106	995
106	307
106	636
107	929
107	855
107	150
107	214
107	608
107	875
107	933
107	250
107	549
107	742
107	897
107	720
107	654
107	114
107	883
107	489
107	328
107	594
107	922
108	318
108	824
108	639
108	380
108	328
108	765
108	226
108	481
108	468
108	544
108	569
108	284
108	187
108	880
108	886
108	729
108	429
109	773
109	701
109	719
109	333
109	956
109	521
109	449
109	544
109	511
109	301
109	354
109	266
109	695
109	877
110	117
110	943
110	960
110	736
110	769
110	172
110	772
110	497
110	602
110	475
110	755
110	725
110	623
110	268
110	596
110	785
110	663
111	950
111	327
111	512
111	821
111	660
111	304
111	371
111	596
111	137
111	720
111	917
111	391
111	360
112	139
112	662
112	846
112	949
112	811
112	615
112	717
112	191
112	407
112	966
112	816
112	557
112	855
112	775
112	167
112	341
112	353
112	514
113	157
113	146
113	971
113	435
113	821
113	900
113	625
113	147
113	382
113	446
113	766
113	239
113	805
113	650
113	863
113	352
114	159
114	432
114	385
114	219
114	346
114	164
114	232
114	497
114	284
115	279
115	603
115	825
115	152
115	951
115	998
115	627
115	117
115	970
115	976
115	776
115	300
115	399
116	940
116	336
116	244
116	420
116	714
116	660
116	957
116	465
116	461
116	163
116	460
116	529
116	233
116	625
116	826
116	318
116	639
116	880
116	993
116	382
117	345
117	323
117	730
117	151
117	991
117	469
117	772
117	670
117	819
117	176
117	960
117	386
117	861
117	686
117	867
117	566
117	125
117	600
117	901
117	999
117	586
117	986
117	558
117	359
117	246
118	484
118	167
118	350
118	243
118	736
118	331
118	663
118	150
118	876
118	714
118	364
118	369
118	479
118	483
118	292
119	625
119	201
119	292
119	823
119	597
119	481
119	774
119	581
119	968
119	737
119	314
119	360
119	527
119	157
119	266
119	791
120	638
120	356
120	649
120	423
120	823
120	933
120	834
120	647
120	504
120	912
120	288
120	310
120	460
120	959
120	897
120	721
120	464
121	970
121	255
121	429
121	975
121	123
121	937
121	860
121	594
121	980
121	341
121	651
121	267
121	275
122	212
122	488
122	185
122	222
122	767
122	794
122	786
122	199
122	830
122	532
122	950
123	819
123	550
123	314
123	424
123	762
123	277
123	861
123	905
123	667
123	343
123	436
123	656
123	713
123	207
123	539
123	781
123	845
123	770
123	996
123	832
124	600
124	360
124	773
124	529
124	276
124	368
124	131
124	547
124	877
124	739
124	959
124	859
124	291
125	509
125	888
125	704
125	242
125	689
125	746
125	929
125	847
125	795
125	812
125	213
125	986
125	904
125	171
125	743
125	668
125	457
125	419
125	984
125	926
125	571
125	999
125	738
125	141
125	188
125	489
126	212
126	177
126	166
126	566
126	661
126	148
126	200
126	955
126	496
126	213
126	506
126	312
126	806
126	522
126	702
127	528
127	747
127	984
127	372
127	455
127	555
127	886
127	240
127	139
127	466
127	236
127	265
127	865
127	929
127	494
127	186
127	332
128	228
128	234
128	502
128	916
128	505
128	138
128	997
128	636
128	755
128	979
128	954
128	449
128	764
128	469
128	365
128	739
128	514
128	147
128	741
129	280
129	928
129	555
129	869
129	159
129	144
129	161
129	885
129	890
129	537
129	534
129	130
129	891
129	740
129	263
129	191
129	312
129	659
129	644
129	141
129	245
129	392
129	798
129	961
129	937
129	207
129	235
130	986
130	161
130	476
130	740
130	989
130	478
130	657
130	974
130	451
130	812
130	875
130	504
130	936
130	737
130	800
130	613
130	535
130	704
130	611
130	173
131	870
131	265
131	133
131	502
131	318
131	687
131	273
131	667
131	752
131	523
131	387
131	749
131	869
131	849
131	373
131	954
131	934
131	294
131	877
131	178
131	868
131	447
132	792
132	548
132	854
132	458
132	833
132	774
132	483
132	520
132	676
132	532
132	567
133	584
133	442
133	686
133	244
133	699
133	787
133	147
133	766
133	328
133	639
133	166
133	592
133	361
133	861
133	499
133	749
133	366
134	322
134	571
134	343
134	938
134	662
134	432
134	749
134	152
134	590
134	838
134	855
134	595
134	928
134	296
134	570
134	740
134	701
134	245
134	347
134	286
134	493
134	779
134	535
135	865
135	957
135	624
135	554
135	263
135	145
135	857
135	166
135	818
135	846
135	973
135	347
135	215
135	526
135	639
135	644
135	766
136	951
136	745
136	369
136	336
136	237
136	221
136	534
136	268
136	264
136	157
136	139
136	208
136	874
136	933
136	180
136	295
136	395
137	194
137	307
137	272
137	606
137	708
137	270
137	779
137	294
137	197
137	184
137	228
137	610
137	903
137	558
137	715
137	472
137	967
137	766
137	348
137	574
137	298
138	699
138	188
138	460
138	997
138	251
138	701
138	516
138	167
138	302
138	400
138	644
138	946
138	604
139	720
139	194
139	719
139	778
139	152
139	605
139	679
139	212
139	664
139	246
139	293
139	145
139	298
139	611
139	317
139	324
140	753
140	734
140	931
140	167
140	992
140	235
140	668
140	543
140	408
140	568
140	832
140	390
140	188
141	559
141	462
141	870
141	529
141	970
141	999
141	774
141	943
141	665
141	787
141	244
141	225
141	869
141	190
141	838
141	521
141	259
141	931
141	229
141	491
141	456
141	560
141	204
142	670
142	268
142	939
142	312
142	593
142	565
142	673
142	335
142	457
142	697
142	184
142	861
142	727
143	563
143	478
143	664
143	939
143	419
143	644
143	966
143	836
143	259
143	606
143	951
143	538
143	777
143	565
143	870
143	778
143	459
143	811
143	820
144	969
144	873
144	719
144	623
144	263
144	984
144	393
144	983
144	653
144	854
144	433
144	642
144	297
144	987
144	920
144	407
144	378
144	506
144	850
144	218
145	259
145	973
145	226
145	432
145	247
145	324
145	442
145	671
145	284
145	761
145	474
145	318
145	421
145	831
145	889
145	186
145	637
145	367
145	472
145	839
145	279
146	898
146	952
146	746
146	853
146	740
146	331
146	775
146	304
146	525
146	730
146	986
146	694
146	583
146	661
146	892
146	248
146	782
147	561
147	798
147	566
147	501
147	444
147	852
147	314
147	820
147	725
147	426
147	673
147	717
147	403
147	617
148	967
148	491
148	959
148	862
148	745
148	782
148	382
148	501
148	895
148	559
148	963
148	148
148	667
148	547
148	655
149	837
149	161
149	961
149	990
149	860
149	487
149	455
149	894
149	759
150	849
150	839
150	920
150	750
150	938
150	707
150	682
150	225
150	737
150	695
150	701
150	807
150	916
150	930
150	717
150	511
150	412
150	960
150	327
151	966
151	810
151	363
151	889
151	385
151	547
151	833
151	821
151	424
151	812
151	321
151	786
151	357
151	303
151	455
151	204
151	904
151	975
151	352
151	268
152	757
152	633
152	501
152	453
152	375
152	777
152	483
152	990
152	836
152	193
152	264
152	413
152	487
152	710
152	560
152	576
152	970
153	786
153	311
153	747
153	199
153	593
153	944
153	960
153	552
153	684
153	819
153	229
153	720
153	464
153	597
153	701
153	938
153	901
153	223
153	175
153	979
154	608
154	361
154	515
154	310
154	571
154	936
154	393
154	864
154	659
154	355
154	267
154	863
154	566
154	253
154	791
154	466
154	227
154	953
154	666
154	390
154	257
154	307
155	442
155	672
155	621
155	758
155	332
155	302
155	559
155	197
155	454
155	966
155	854
155	554
155	642
155	838
155	668
155	436
155	716
155	530
155	630
155	484
156	715
156	279
156	676
156	666
156	166
156	452
156	851
156	285
156	792
156	377
156	465
156	964
156	393
156	864
156	674
156	728
156	368
156	528
156	314
156	182
156	330
156	340
156	615
157	223
157	644
157	997
157	726
157	679
157	864
157	829
157	680
157	382
157	301
157	943
157	449
157	521
157	243
157	230
158	828
158	704
158	956
158	243
158	545
158	227
158	792
158	375
158	213
158	563
158	261
158	691
158	445
158	582
158	769
158	825
159	229
159	456
159	505
159	182
159	597
159	251
159	985
159	523
159	858
159	281
159	303
159	215
159	186
159	377
160	694
160	249
160	598
160	828
160	793
160	438
160	683
160	272
160	419
160	613
160	753
160	697
160	979
160	476
160	696
160	371
160	823
160	167
161	696
161	671
161	678
161	400
161	933
161	507
161	762
161	551
161	354
161	991
161	597
161	578
162	359
162	377
162	315
162	724
162	262
162	438
162	268
162	647
162	249
162	512
162	572
162	660
162	428
162	261
162	747
162	564
163	578
163	474
163	464
163	776
163	238
163	685
163	381
163	982
163	192
163	932
163	484
163	258
163	348
163	354
163	597
163	309
164	765
164	351
164	629
164	374
164	366
164	245
164	711
164	862
164	476
164	403
164	653
164	294
164	184
164	514
164	995
164	865
165	970
165	200
165	836
165	313
165	345
165	376
165	301
165	305
165	315
165	402
165	186
165	343
165	422
165	569
165	420
165	177
166	526
166	199
166	958
166	883
166	926
166	943
166	937
166	277
166	666
166	472
166	597
166	330
166	594
166	988
167	266
167	488
167	443
167	722
167	780
167	385
167	852
167	851
167	594
167	584
167	459
167	721
167	652
167	753
168	579
168	665
168	433
168	590
168	942
168	517
168	255
168	690
168	272
168	746
168	670
168	709
168	705
168	682
168	208
168	644
168	275
168	867
168	376
169	599
169	584
169	772
169	409
169	517
169	392
169	879
169	450
169	802
169	775
169	371
169	726
169	199
169	261
169	972
170	527
170	599
170	852
170	754
170	876
170	659
170	248
170	763
170	468
170	366
171	318
171	413
171	191
171	867
171	664
171	302
171	426
171	697
171	541
171	638
171	321
171	672
171	478
172	419
172	311
172	964
172	804
172	829
172	280
172	771
172	254
172	921
172	326
172	585
172	651
172	393
172	815
172	545
173	564
173	950
173	232
173	880
173	452
173	821
173	342
173	859
173	908
173	222
173	942
173	640
173	209
173	394
174	474
174	274
174	927
174	335
174	820
174	705
174	914
174	817
174	310
174	217
174	784
174	973
174	443
174	728
174	333
174	773
174	503
175	348
175	641
175	865
175	315
175	871
175	666
175	673
175	480
175	771
175	498
176	805
176	416
176	384
176	993
176	418
176	261
176	552
176	329
176	836
176	610
176	527
176	747
176	443
176	954
176	517
176	531
176	589
176	505
176	370
176	752
176	578
176	837
176	352
176	727
176	209
177	384
177	533
177	464
177	412
177	749
177	564
177	330
177	199
177	193
177	775
177	484
177	372
177	896
177	818
177	321
177	555
177	205
178	586
178	997
178	374
178	383
178	895
178	345
178	689
178	909
178	583
178	900
178	743
178	377
178	363
179	766
179	942
179	570
179	367
179	290
179	886
179	703
179	618
179	558
179	992
179	306
179	295
180	864
180	347
180	754
180	720
180	460
180	320
180	779
180	402
180	528
180	682
180	349
180	532
180	535
180	506
180	669
181	451
181	437
181	919
181	600
181	594
181	907
181	997
181	462
181	400
181	609
181	328
181	832
181	618
181	700
182	786
182	891
182	941
182	932
182	715
182	949
182	718
182	727
182	403
182	649
182	954
182	429
182	446
182	914
182	588
182	534
182	214
182	810
182	315
182	936
182	600
182	351
182	719
183	333
183	208
183	210
183	838
183	864
183	650
183	384
183	799
183	328
183	273
183	209
183	672
184	251
184	602
184	701
184	316
184	286
184	762
184	676
184	184
184	349
184	863
184	959
184	652
184	597
184	636
184	967
184	519
184	612
184	643
184	389
185	927
185	778
185	432
185	612
185	696
185	868
185	496
185	618
185	438
185	323
185	983
185	451
185	289
185	245
185	667
186	724
186	647
186	909
186	478
186	202
186	469
186	961
186	297
186	815
186	873
186	253
186	392
186	624
186	514
186	556
186	191
186	768
186	270
186	820
187	216
187	599
187	747
187	446
187	597
187	613
187	860
187	848
187	476
187	914
187	278
187	767
187	681
187	558
187	598
188	782
188	807
188	875
188	571
188	896
188	973
188	752
188	889
188	623
188	945
189	704
189	467
189	520
189	829
189	685
189	891
189	941
189	408
189	354
189	801
189	971
189	369
189	557
189	472
189	456
189	662
190	575
190	742
190	430
190	804
190	838
190	614
190	273
190	923
190	448
190	392
190	833
190	709
190	398
190	781
190	849
190	619
190	663
190	854
190	563
190	634
191	760
191	986
191	582
191	480
191	381
191	464
191	456
191	894
191	216
191	570
191	242
191	446
191	729
191	483
191	972
191	461
192	198
192	835
192	727
192	890
192	605
192	878
192	431
192	775
192	958
192	439
192	979
192	508
192	343
192	917
192	729
192	534
192	294
192	966
192	387
192	454
193	474
193	577
193	223
193	634
193	720
193	806
193	482
193	640
193	919
193	196
193	377
194	770
194	744
194	590
194	440
194	883
194	553
194	729
194	317
194	687
194	759
194	290
194	715
194	731
194	391
194	509
194	251
194	943
194	390
194	850
194	443
194	408
194	978
195	319
195	912
195	521
195	603
195	654
195	389
195	322
195	971
195	550
195	736
195	910
195	281
195	432
195	848
195	465
195	448
196	254
196	743
196	669
196	681
196	706
196	832
196	284
196	777
196	438
196	673
196	554
196	391
196	492
196	350
196	751
196	220
196	334
197	388
197	936
197	948
197	515
197	664
197	844
197	704
197	819
197	552
197	346
197	896
197	481
197	324
197	828
197	698
197	563
198	352
198	820
198	528
198	521
198	421
198	312
198	270
198	967
198	594
198	612
198	991
198	733
198	400
198	379
198	211
198	735
199	803
199	572
199	388
199	359
199	852
199	399
199	746
199	517
199	819
199	289
199	662
199	592
199	225
199	513
199	899
199	917
200	543
200	642
200	302
200	541
200	483
200	383
200	914
200	569
200	906
200	323
200	990
200	641
200	287
200	743
200	832
200	404
200	797
201	318
201	789
201	808
201	887
201	471
201	433
201	306
201	850
201	413
201	893
201	516
201	938
201	512
201	590
201	469
202	674
202	495
202	586
202	811
202	620
202	406
202	957
202	961
202	823
203	243
203	248
203	774
203	525
203	501
203	223
203	519
203	250
203	265
203	957
203	580
203	529
203	411
203	807
203	995
203	247
203	413
203	279
203	817
203	593
203	257
203	675
203	588
203	765
204	757
204	205
204	880
204	735
204	952
204	614
204	543
204	665
204	467
204	300
204	751
204	418
205	320
205	815
205	739
205	325
205	818
205	856
205	433
205	549
206	333
206	776
206	964
206	980
206	237
206	464
206	948
206	806
206	510
206	956
206	997
206	630
206	354
206	662
207	489
207	737
207	621
207	515
207	467
207	424
207	755
207	650
207	765
207	630
207	336
207	799
208	858
208	655
208	945
208	970
208	592
208	657
208	423
208	417
209	220
209	952
209	973
209	991
209	486
209	724
209	249
209	625
209	272
209	618
209	552
209	943
209	744
209	942
209	386
209	281
209	405
209	396
210	762
210	427
210	749
210	306
210	537
210	443
210	760
210	904
210	842
210	491
210	249
210	331
210	397
210	768
210	720
211	512
211	838
211	987
211	740
211	752
211	488
211	860
211	841
211	925
211	951
211	295
211	827
211	834
211	570
211	518
211	738
211	404
212	357
212	312
212	875
212	754
212	542
212	323
212	740
212	748
212	360
212	783
212	396
212	306
212	594
212	610
212	407
212	980
213	740
213	264
213	734
213	521
213	870
213	319
213	602
213	417
213	298
213	590
213	970
213	629
213	992
214	895
214	446
214	865
214	720
214	331
214	261
214	722
214	660
214	603
214	672
214	727
214	214
214	547
214	828
215	723
215	558
215	245
215	489
215	274
215	726
215	280
215	842
215	429
215	362
215	775
215	885
215	329
216	811
216	604
216	312
216	648
216	891
216	636
216	744
216	480
216	929
216	302
216	932
217	776
217	235
217	231
217	902
217	435
217	327
217	260
217	824
217	568
217	724
217	606
217	269
217	370
218	886
218	284
218	808
218	680
218	363
218	451
218	736
218	953
218	702
218	373
218	777
218	732
218	951
219	269
219	524
219	853
219	701
219	263
219	410
219	598
219	414
219	412
219	580
219	311
219	698
219	981
219	607
220	765
220	904
220	373
220	710
220	740
220	680
220	587
220	349
220	774
220	385
220	920
220	495
220	851
220	475
220	620
220	527
220	718
220	607
220	831
220	498
220	269
220	371
221	711
221	393
221	236
221	409
221	545
221	722
221	524
221	751
221	749
221	862
221	657
221	688
221	385
221	967
222	423
222	791
222	892
222	894
222	884
222	326
222	357
222	244
222	745
222	510
222	444
222	916
222	806
222	298
222	977
222	817
222	246
222	232
223	511
223	247
223	297
223	588
223	818
223	846
223	304
223	806
223	994
223	578
223	937
223	609
223	242
223	472
223	611
223	640
223	935
224	560
224	522
224	573
224	510
224	248
224	438
224	451
224	264
224	816
224	377
224	829
224	833
224	617
224	235
224	580
224	885
225	978
225	580
225	342
225	976
225	680
225	853
225	233
225	710
225	683
225	848
225	477
225	271
225	327
225	838
225	501
225	594
226	914
226	246
226	521
226	909
226	596
226	852
226	992
226	773
226	377
226	936
226	327
226	673
226	929
226	720
226	721
227	846
227	923
227	482
227	469
227	513
227	825
227	734
227	821
227	537
227	784
227	375
227	476
227	696
227	591
228	374
228	922
228	271
228	848
228	594
228	942
228	862
228	666
228	587
228	769
228	823
229	445
229	745
229	393
229	915
229	579
229	825
229	626
229	386
229	592
229	871
229	279
229	799
229	469
229	570
229	460
229	330
229	735
230	314
230	868
230	293
230	607
230	915
230	922
230	590
230	430
230	778
230	327
230	289
230	380
230	554
230	977
230	805
230	275
230	769
230	800
231	832
231	972
231	739
231	744
231	601
231	360
231	715
231	997
231	810
231	499
231	232
231	960
232	837
232	377
232	839
232	558
232	876
232	733
232	577
232	985
232	254
232	773
232	618
232	867
232	906
232	951
232	806
232	524
232	670
232	571
232	463
232	702
232	433
233	501
233	369
233	789
233	543
233	823
233	337
233	454
233	849
233	437
233	534
233	618
233	877
234	252
234	541
234	677
234	880
234	245
234	406
234	991
234	787
234	750
234	790
234	884
234	575
234	484
234	663
234	371
234	345
234	334
234	615
234	862
234	940
234	654
234	985
234	702
235	344
235	332
235	731
235	886
235	420
235	840
235	531
235	730
235	405
235	894
235	628
235	838
235	510
235	411
235	900
235	792
235	496
235	297
235	466
236	703
236	961
236	627
236	468
236	895
236	495
236	683
236	518
236	847
236	691
236	836
236	870
236	915
236	794
237	367
237	627
237	450
237	387
237	510
237	601
237	277
237	386
237	725
237	574
237	403
237	941
237	406
237	339
237	699
237	539
237	762
237	461
238	373
238	755
238	286
238	689
238	896
238	776
238	969
238	506
238	327
238	296
238	348
238	841
238	826
238	563
238	412
238	366
238	243
238	427
239	658
239	995
239	417
239	634
239	572
239	352
239	760
239	636
239	614
239	641
239	500
239	984
240	460
240	480
240	841
240	305
240	687
240	889
240	629
240	669
240	713
240	781
240	688
240	255
240	511
240	624
240	817
240	293
240	910
241	500
241	933
241	564
241	471
241	995
241	746
241	559
241	565
241	516
241	551
241	319
241	289
241	303
242	295
242	716
242	910
242	248
242	791
242	584
242	440
242	889
242	909
242	393
242	503
242	817
242	831
242	470
242	356
242	966
242	548
242	765
243	777
243	918
243	392
243	297
243	838
243	505
243	645
243	976
243	307
243	594
244	730
244	409
244	479
244	734
244	645
244	922
244	335
244	461
244	832
244	386
244	486
244	758
244	688
244	829
244	398
244	660
245	392
245	480
245	924
245	312
245	469
245	629
245	857
245	347
245	467
245	759
245	453
245	587
245	493
246	425
246	818
246	888
246	319
246	993
246	766
246	635
246	435
246	367
246	705
246	901
246	623
246	463
246	661
246	424
246	597
246	787
246	621
246	310
246	588
246	794
246	641
246	594
247	626
247	292
247	830
247	484
247	645
247	536
247	446
247	394
247	625
247	711
247	341
247	616
247	538
247	670
247	620
247	947
247	877
247	688
247	759
247	959
247	629
247	587
248	385
248	719
248	769
248	770
248	633
248	935
248	567
248	470
248	353
248	387
248	673
248	348
248	464
248	405
248	544
248	682
248	377
248	296
248	367
248	706
248	858
248	321
249	780
249	638
249	378
249	656
249	757
249	479
249	456
249	460
249	335
249	650
249	746
249	449
249	712
249	871
249	709
250	752
250	690
250	999
250	803
250	310
250	675
250	641
250	918
250	887
250	582
250	667
250	347
250	292
250	514
251	708
251	930
251	276
251	627
251	614
251	411
251	746
251	997
251	673
251	990
252	908
252	917
252	632
252	381
252	577
252	936
252	583
252	910
252	475
252	670
252	301
252	515
252	873
252	413
252	258
252	574
252	661
252	490
252	584
253	440
253	761
253	294
253	632
253	982
253	649
253	733
253	571
253	856
253	880
253	264
253	302
253	930
253	257
254	722
254	711
254	796
254	834
254	808
254	358
254	425
254	346
254	879
254	336
254	500
254	602
254	611
254	444
255	629
255	535
255	487
255	780
255	461
255	657
255	530
255	304
255	580
255	831
255	285
255	764
255	640
255	272
255	931
255	908
255	276
255	504
255	800
255	388
256	911
256	822
256	419
256	490
256	299
256	989
256	701
256	777
256	946
256	827
256	276
256	269
256	665
256	960
256	613
257	352
257	691
257	811
257	883
257	324
257	742
257	271
257	730
257	776
257	955
257	420
257	906
258	817
258	418
258	271
258	713
258	342
258	453
258	391
258	609
258	532
258	895
258	362
258	437
258	782
258	556
258	420
258	650
259	824
259	901
259	860
259	433
259	440
259	699
259	969
259	557
259	722
259	524
259	472
259	871
259	494
259	859
259	778
259	462
259	726
259	485
259	329
259	403
259	651
259	742
259	827
259	548
260	829
260	969
260	375
260	645
260	386
260	350
260	685
260	674
260	865
260	549
260	564
260	451
260	605
260	911
260	445
261	989
261	363
261	963
261	966
261	836
261	954
261	992
261	567
261	827
261	998
261	713
261	589
261	929
261	795
261	626
261	405
261	636
261	402
261	680
261	627
262	566
262	685
262	346
262	443
262	716
262	627
262	493
262	672
262	665
262	823
262	642
263	729
263	312
263	669
263	671
263	858
263	695
263	274
263	702
263	647
263	818
263	387
263	483
264	573
264	339
264	961
264	332
264	678
264	923
264	336
264	634
264	989
264	873
264	745
264	637
265	625
265	641
265	387
265	301
265	686
265	947
265	941
265	913
265	709
265	956
265	304
265	733
265	379
265	704
265	931
265	449
266	373
266	268
266	911
266	910
266	402
266	338
267	754
267	430
267	921
267	779
267	823
267	962
267	292
267	878
267	565
267	401
267	642
267	281
267	463
267	275
267	680
267	536
267	714
267	522
267	520
268	657
268	582
268	749
268	337
268	565
268	330
268	875
268	726
268	971
268	489
268	570
268	310
268	385
268	852
268	994
268	361
269	481
269	888
269	675
269	325
269	734
269	818
269	981
269	906
269	996
269	946
269	548
269	505
269	332
269	415
269	846
269	886
269	683
270	763
270	623
270	552
270	709
270	716
270	307
270	936
270	966
270	455
270	790
270	510
270	456
270	859
270	927
270	640
271	662
271	409
271	479
271	756
271	708
271	808
271	926
271	302
271	873
271	393
271	547
271	481
271	434
271	861
271	449
271	731
272	881
272	971
272	910
272	649
272	893
272	630
272	458
272	962
272	457
272	930
272	966
272	861
272	527
272	660
272	577
273	360
273	941
273	655
273	291
273	958
273	705
273	444
273	645
273	411
273	798
273	349
273	862
274	733
274	559
274	759
274	336
274	686
274	801
274	968
274	405
274	595
274	315
274	970
274	633
275	344
275	698
275	992
275	941
275	859
275	622
275	276
275	876
275	970
275	826
275	898
275	672
275	785
275	275
275	981
275	605
275	847
275	858
275	929
276	305
276	975
276	882
276	829
276	306
276	801
276	984
276	970
276	770
276	690
276	433
276	303
276	428
276	723
277	449
277	613
277	426
277	921
277	513
277	675
277	884
277	477
277	905
277	558
277	358
277	534
277	580
277	548
277	958
277	997
278	584
278	741
278	639
278	611
278	528
278	625
278	665
278	417
278	658
278	869
278	473
278	720
278	313
278	962
278	428
278	445
278	342
278	510
278	295
278	398
279	558
279	869
279	975
279	346
279	999
279	585
279	330
279	611
279	548
279	807
279	297
279	591
279	744
279	858
279	352
279	289
280	411
280	419
280	988
280	593
280	961
280	621
280	834
280	301
280	795
280	724
280	892
280	295
280	552
280	707
280	580
280	882
280	499
280	642
280	344
280	990
280	760
280	327
280	588
280	944
280	646
281	612
281	421
281	551
281	632
281	710
281	696
281	895
281	547
281	878
281	342
281	751
281	306
281	834
281	580
281	449
281	444
282	977
282	582
282	709
282	487
282	817
282	446
282	597
282	584
282	957
282	530
282	574
282	397
282	444
282	326
282	484
282	439
282	557
282	847
282	420
282	313
282	672
283	830
283	848
283	655
283	307
283	614
283	747
283	840
283	537
283	585
283	869
283	825
283	567
284	420
284	698
284	343
284	485
284	758
284	498
284	714
284	868
284	481
284	521
284	719
285	403
285	491
285	466
285	356
285	891
285	817
285	324
285	666
285	664
285	390
285	558
285	325
285	625
285	339
285	818
285	834
285	783
285	875
285	869
285	715
285	743
286	766
286	433
286	736
286	694
286	877
286	400
286	431
286	650
286	344
286	340
286	760
286	840
286	378
286	937
287	557
287	833
287	443
287	554
287	470
287	436
287	481
287	986
287	463
287	474
287	843
287	327
287	374
287	328
287	593
287	950
287	915
288	870
288	927
288	752
288	698
288	899
288	584
288	394
288	586
288	936
288	447
288	724
288	411
288	656
288	817
288	825
288	348
288	999
288	886
288	822
288	330
289	380
289	397
289	455
289	489
289	941
289	688
289	815
289	888
290	766
290	518
290	461
290	342
290	619
290	456
290	351
290	500
290	763
290	430
290	873
291	997
291	314
291	323
291	599
291	466
291	855
291	516
291	709
291	987
291	891
291	681
291	700
291	315
291	927
292	558
292	637
292	520
292	808
292	962
292	382
292	848
292	388
292	317
292	797
292	401
292	860
292	391
292	509
292	877
292	695
293	811
293	788
293	837
293	497
293	482
293	756
293	902
293	705
293	479
293	770
293	551
294	364
294	944
294	930
294	649
294	455
294	841
294	906
294	919
294	433
294	617
294	755
294	296
294	580
294	916
294	482
294	333
294	924
295	682
295	904
295	400
295	814
295	776
295	739
295	443
295	388
295	853
295	534
295	662
295	544
295	989
296	453
296	815
296	348
296	655
296	594
296	309
296	313
296	471
296	847
296	446
296	689
297	790
297	310
297	891
297	589
297	845
297	697
297	716
297	425
297	943
297	337
297	898
297	900
297	630
298	971
298	663
298	346
298	573
298	314
298	607
298	583
298	750
298	831
298	425
298	529
298	331
299	299
299	997
299	580
299	517
299	329
299	349
299	535
299	926
299	774
299	811
299	763
299	936
299	478
300	976
300	549
300	812
300	698
300	665
300	693
300	586
300	413
300	835
300	784
300	872
300	730
300	640
300	302
300	406
300	616
300	843
300	877
301	303
301	737
301	616
301	393
301	581
301	793
301	675
301	310
301	973
301	685
301	913
302	863
302	690
302	557
302	602
302	739
302	365
302	833
302	594
302	564
302	810
302	411
302	997
302	857
302	308
303	799
303	363
303	777
303	378
303	786
303	428
303	773
303	978
303	925
303	423
303	920
303	863
303	705
304	733
304	466
304	488
304	336
304	657
304	869
304	457
304	322
304	395
304	423
304	653
304	591
304	858
304	376
305	514
305	758
305	341
305	581
305	489
305	841
305	959
305	618
305	785
305	442
305	915
305	617
306	394
306	852
306	690
306	357
306	715
306	703
306	881
306	434
306	442
306	457
306	316
306	713
306	729
306	484
306	435
307	412
307	962
307	957
307	865
307	307
307	711
307	687
307	909
308	327
308	652
308	624
308	621
308	826
308	913
308	635
308	420
308	506
308	751
309	796
309	852
309	809
309	512
309	457
309	519
309	792
309	589
309	422
309	717
309	764
309	597
309	759
309	788
309	727
309	342
309	511
309	557
310	655
310	509
310	797
310	541
310	872
310	954
310	681
310	316
310	755
310	678
310	591
310	918
310	510
310	416
311	908
311	550
311	639
311	657
311	380
311	987
311	650
311	964
311	555
311	599
311	609
311	685
311	638
311	833
311	771
311	902
312	982
312	443
312	688
312	517
312	485
312	716
312	694
312	943
312	492
312	898
312	692
312	812
312	639
312	528
312	469
312	332
312	355
312	495
312	987
312	690
312	683
312	884
313	903
313	673
313	686
313	550
313	845
313	754
313	752
313	908
313	645
313	706
313	695
313	778
313	694
313	390
313	841
314	917
314	398
314	872
314	626
314	818
314	446
314	357
314	575
314	542
314	941
314	363
315	877
315	431
315	623
315	954
315	501
315	496
315	684
315	510
315	917
315	338
315	405
315	582
315	484
315	809
315	521
315	356
315	998
315	800
315	364
315	676
315	626
315	967
316	682
316	397
316	790
316	962
316	402
316	657
316	553
316	415
316	922
316	508
316	829
316	375
316	656
317	461
317	811
317	319
317	753
317	664
317	586
317	846
317	992
317	669
317	829
318	916
318	818
318	845
318	655
318	611
318	936
318	442
318	859
318	748
318	389
318	726
318	813
319	833
319	782
319	571
319	671
319	537
319	959
319	320
319	321
319	729
319	461
319	377
319	982
319	789
319	814
319	677
319	799
319	501
319	891
319	425
319	509
320	343
320	368
320	418
320	960
320	644
320	686
320	907
320	462
320	919
320	900
320	419
320	786
320	696
320	634
320	691
320	543
321	361
321	524
321	999
321	920
321	385
321	932
321	765
321	567
321	495
321	609
321	500
321	404
321	895
321	494
321	365
321	418
321	555
322	784
322	917
322	710
322	360
322	531
322	971
322	418
322	852
322	606
322	652
322	471
323	770
323	570
323	706
323	518
324	410
324	859
324	442
324	488
324	645
324	448
324	693
324	580
324	618
324	959
325	665
325	419
325	563
325	647
325	996
325	870
325	730
325	587
325	407
325	693
325	847
325	825
325	926
325	431
325	592
325	597
325	784
325	952
325	837
325	709
325	656
326	609
326	685
326	491
326	711
326	919
326	924
326	701
326	613
326	497
326	461
326	586
326	929
327	983
327	664
327	334
327	605
327	826
327	955
327	658
327	564
327	632
327	604
327	491
327	767
327	766
327	490
327	753
328	822
328	707
328	769
328	721
328	661
328	549
328	619
328	922
328	840
328	749
328	735
328	464
328	333
328	475
328	639
328	999
328	403
329	728
329	856
329	946
329	871
329	607
329	975
329	456
329	629
329	959
329	996
329	968
329	736
329	368
329	600
329	399
330	728
330	826
330	640
330	527
330	828
330	541
330	972
330	502
330	987
330	852
330	412
330	472
330	769
330	366
330	589
330	346
330	352
331	998
331	604
331	521
331	892
332	389
332	456
332	471
332	792
332	953
332	494
332	850
332	852
332	448
333	939
333	694
333	645
333	780
333	938
333	566
333	348
333	570
333	895
333	947
333	934
334	484
334	762
334	811
334	534
334	714
334	904
334	472
334	828
334	816
334	989
334	335
334	880
335	461
335	974
335	611
335	760
335	972
335	717
335	948
335	674
335	817
335	477
335	969
336	506
336	823
336	971
336	872
336	561
336	627
336	386
336	993
336	917
336	774
337	776
337	488
337	682
337	891
337	589
337	708
337	552
337	427
337	674
337	339
337	838
337	381
337	340
337	973
338	848
338	649
338	548
338	468
338	591
338	766
338	836
338	400
339	903
339	870
339	665
339	807
339	563
339	894
339	385
339	789
340	797
340	953
340	846
340	915
340	465
340	830
340	659
340	914
340	410
340	403
340	543
340	651
340	740
340	367
341	551
341	605
341	779
341	760
341	661
341	494
341	573
341	457
341	876
341	796
341	893
341	723
341	674
341	795
341	677
342	737
342	758
342	694
342	779
342	732
342	393
342	374
343	902
343	379
343	744
343	923
343	733
343	990
343	936
344	915
344	476
344	875
344	628
344	710
344	700
345	711
345	899
345	612
345	800
345	662
345	749
345	540
345	791
345	355
345	383
346	818
346	581
346	989
346	860
346	623
346	920
346	489
346	428
346	564
346	852
346	450
346	621
346	870
346	610
346	384
347	425
347	676
347	513
347	557
347	829
347	538
347	457
347	608
347	833
347	697
347	423
347	489
347	723
347	848
347	658
347	498
347	666
347	572
347	440
347	805
348	934
348	363
348	474
348	353
348	780
348	895
348	457
348	987
348	907
348	814
348	611
349	584
349	491
349	924
349	596
349	731
349	955
349	992
349	638
349	914
350	573
350	714
350	414
350	800
351	861
351	851
351	748
351	981
351	961
351	771
351	561
351	612
351	669
351	871
351	834
351	429
351	688
351	752
351	993
351	396
351	495
351	922
352	645
352	933
352	549
352	451
352	637
352	898
352	957
352	858
353	898
353	945
353	927
353	797
353	404
353	532
353	668
353	457
353	627
353	946
353	702
353	930
353	580
354	449
354	411
354	395
354	847
354	640
354	443
354	798
354	436
354	839
354	451
354	588
354	929
354	526
354	597
354	746
355	624
355	965
355	831
355	708
355	981
355	490
355	499
355	416
355	843
355	870
355	642
355	964
355	644
355	828
356	611
356	822
356	510
356	864
356	975
356	846
356	824
356	381
356	879
356	927
356	416
356	370
356	491
357	971
357	781
357	794
357	773
357	424
357	645
357	678
357	987
357	694
357	535
357	866
357	814
357	970
357	787
357	688
357	734
357	583
358	539
358	716
358	471
358	825
358	414
358	812
358	376
358	988
358	700
358	724
358	492
358	483
358	881
358	973
358	442
358	403
358	674
358	422
358	957
358	719
359	515
359	770
359	390
359	496
359	862
359	488
359	623
359	485
359	750
359	878
359	710
359	996
359	677
359	630
360	776
360	599
360	516
360	450
360	601
360	502
360	495
360	482
360	801
360	544
360	961
361	952
361	768
361	831
361	765
361	805
361	462
361	871
361	594
361	832
361	483
361	950
361	782
361	767
362	875
362	891
362	589
362	835
362	437
362	998
362	641
362	870
362	502
362	676
362	786
362	972
362	808
363	889
363	630
363	396
363	408
363	695
363	731
363	628
363	706
363	568
363	748
363	586
364	545
364	817
364	706
364	837
364	636
364	428
364	838
364	912
364	487
364	811
364	520
365	812
365	887
365	979
365	602
365	400
365	879
365	660
365	850
365	923
365	736
365	651
365	418
365	905
365	454
366	731
366	416
366	676
366	935
366	830
366	709
366	888
366	446
366	619
366	716
366	384
366	582
366	961
367	532
367	897
367	863
367	657
367	521
367	760
367	917
367	439
367	528
367	768
367	378
367	590
367	688
367	614
367	855
367	822
367	849
368	659
368	503
368	872
368	565
368	462
368	933
368	623
368	973
368	774
368	406
368	745
368	930
368	802
369	854
369	570
369	674
369	779
369	697
369	971
369	765
369	511
369	650
369	408
369	769
369	382
369	699
369	461
369	471
369	799
369	833
370	531
370	859
370	656
370	535
370	645
370	409
370	617
371	378
371	692
371	568
371	928
371	596
371	739
371	711
371	525
371	695
371	394
371	874
371	953
371	548
371	823
372	541
372	610
372	537
372	887
372	437
372	773
372	420
372	795
372	991
372	890
372	994
372	951
372	786
372	520
372	603
372	904
373	577
373	978
373	822
373	877
373	673
373	375
373	827
373	936
373	599
373	560
373	598
373	464
373	954
373	851
373	819
374	642
374	736
374	429
374	610
374	410
374	854
374	665
374	959
374	869
374	643
374	717
374	583
374	466
374	432
374	392
374	780
374	737
374	576
374	449
375	989
375	666
375	908
375	882
375	751
375	690
375	907
376	904
376	864
376	952
376	640
376	676
376	447
376	550
376	646
377	751
377	755
377	624
377	786
377	703
377	871
377	687
377	690
377	860
377	679
378	598
378	951
378	798
378	722
378	909
378	398
378	912
378	725
378	955
378	659
378	869
379	611
379	609
379	964
379	497
379	575
379	454
379	705
379	576
379	500
379	814
379	644
379	427
379	663
379	448
379	871
379	848
380	871
380	806
380	855
380	832
380	959
380	915
380	556
380	504
380	428
381	938
381	515
381	714
382	641
382	575
382	853
382	895
382	684
382	925
382	807
382	715
382	549
382	520
382	742
382	657
382	833
382	590
383	995
383	565
383	611
383	613
383	399
383	903
383	394
383	935
383	385
383	462
383	788
383	752
383	810
383	796
383	705
384	645
384	867
384	722
384	501
384	806
384	604
384	990
384	417
385	763
385	684
385	729
385	801
385	505
385	834
385	687
385	425
385	680
385	501
385	875
386	727
386	617
386	910
386	524
386	622
386	763
387	624
387	800
387	787
387	773
387	731
387	981
387	887
387	544
387	789
387	510
388	537
388	927
388	697
388	503
389	543
389	580
389	966
389	678
389	681
389	557
389	970
389	407
389	638
389	989
389	880
390	870
390	941
390	821
390	467
390	697
390	824
390	896
390	627
390	715
390	736
390	831
390	771
390	797
390	427
390	672
390	928
391	622
391	411
391	765
391	988
391	806
391	528
391	561
391	758
392	951
392	695
392	576
392	908
392	941
392	511
392	839
392	534
392	884
392	498
392	782
392	688
392	724
392	522
392	781
392	492
393	612
393	692
393	469
393	462
393	764
393	746
393	878
394	958
394	631
394	533
394	974
394	892
394	397
394	883
394	554
394	954
394	872
395	870
395	976
395	486
395	653
395	558
395	514
395	830
395	881
395	726
396	619
396	872
396	563
396	904
396	965
396	802
396	980
396	551
396	841
396	589
396	470
396	757
396	650
396	705
396	450
397	915
397	835
397	468
397	798
397	937
397	650
397	681
397	725
397	546
397	629
397	702
397	610
397	914
397	802
397	602
397	901
398	834
398	444
398	550
398	974
398	993
398	895
398	443
398	849
398	719
398	402
398	400
398	922
398	590
398	870
399	800
399	877
399	554
399	445
399	987
399	849
399	571
399	426
399	697
399	682
399	928
400	893
400	498
400	799
400	599
400	462
400	785
400	499
400	490
400	533
400	590
400	494
400	862
400	585
400	655
400	713
400	953
401	962
401	564
401	537
401	643
401	477
401	458
401	491
401	534
401	417
401	990
401	766
401	413
402	648
402	906
402	842
402	565
402	494
402	710
402	462
402	879
402	781
402	967
402	405
402	717
402	413
402	995
402	931
403	762
403	416
403	971
403	674
403	800
403	939
403	687
403	634
403	523
403	793
403	741
403	619
404	878
404	540
404	444
404	988
404	987
404	818
404	735
404	650
404	764
404	535
404	944
404	940
404	887
405	763
405	586
405	736
405	717
405	414
405	813
405	985
405	771
405	413
405	893
405	782
405	872
405	564
405	509
405	593
405	841
405	851
405	608
406	505
406	779
406	926
406	963
406	645
406	431
406	450
406	473
406	995
406	961
407	754
407	749
407	446
407	983
407	448
407	984
407	841
407	851
407	812
407	628
407	792
407	418
407	959
407	847
408	481
408	484
408	500
408	713
408	551
408	860
408	817
408	913
408	609
408	587
408	886
408	669
409	958
409	745
409	513
409	913
409	849
409	820
409	575
409	515
409	415
410	448
410	665
410	538
410	936
410	944
410	910
410	419
410	913
410	893
410	970
410	608
410	636
410	973
410	653
410	945
411	729
411	868
411	915
411	945
411	568
411	505
411	489
411	764
411	690
411	921
411	992
411	993
411	888
411	641
411	610
411	880
411	506
412	598
412	908
412	458
412	414
412	797
412	928
412	476
412	560
412	979
412	995
413	849
413	474
413	682
413	931
413	554
413	599
413	925
413	613
413	841
413	970
414	877
414	908
414	790
414	512
414	970
414	836
414	900
414	526
414	548
414	871
414	517
414	632
414	814
414	750
414	832
414	770
415	907
415	950
415	926
415	990
415	435
415	812
415	717
415	921
415	487
415	865
415	517
416	929
416	605
416	439
416	484
416	539
416	827
416	936
416	844
416	703
416	493
416	731
416	849
416	823
416	796
417	424
417	596
417	618
417	876
417	901
417	620
417	790
417	887
417	516
417	872
417	758
417	492
418	588
418	830
418	426
418	526
418	522
418	501
418	689
418	552
418	534
418	564
418	686
418	633
418	877
419	873
419	891
419	989
419	855
419	741
419	693
419	646
419	653
420	942
420	620
420	744
420	568
420	686
420	898
420	559
420	653
420	555
420	863
420	477
420	453
421	544
421	820
421	651
421	457
421	901
421	895
421	512
421	598
421	829
421	975
422	592
422	798
422	922
422	911
422	907
422	912
422	804
422	429
422	627
422	496
422	838
423	739
423	846
423	887
423	848
423	770
423	949
423	539
423	833
423	758
423	493
423	512
423	902
424	504
424	649
424	757
424	648
424	843
424	515
424	835
424	868
424	892
424	486
424	812
424	935
424	476
424	501
424	529
425	634
425	980
425	680
425	836
425	892
425	775
425	483
425	986
425	576
426	694
426	896
426	869
426	805
426	813
426	567
426	444
426	948
426	808
426	949
427	640
427	824
427	657
427	730
427	503
427	629
427	517
427	678
427	999
427	519
427	723
427	876
427	656
428	992
428	658
428	742
428	455
428	551
428	467
428	460
428	792
428	710
428	617
429	864
429	710
429	464
429	791
429	499
429	735
429	525
429	971
430	937
430	443
430	564
430	450
430	805
430	850
430	800
430	588
430	963
431	639
431	778
431	766
431	672
431	990
431	453
431	653
431	486
431	524
431	583
431	998
431	890
431	765
431	847
431	893
431	820
432	981
432	463
432	474
432	594
432	775
432	735
432	997
432	479
432	889
432	614
432	915
432	604
432	720
433	956
433	665
433	437
433	951
433	441
433	565
433	749
433	859
434	937
434	549
434	835
434	475
434	897
434	526
434	437
434	866
435	944
435	704
435	905
435	856
435	742
435	579
435	513
436	799
436	647
436	856
436	877
436	771
436	947
436	876
436	462
436	849
436	715
437	985
437	800
437	718
437	885
437	839
437	565
437	835
437	862
437	755
437	779
437	519
437	898
437	974
437	698
438	873
438	847
438	622
438	669
438	585
438	871
438	589
438	877
438	547
438	940
438	887
439	989
439	652
439	709
439	696
439	611
439	765
439	761
439	979
439	623
439	720
439	564
440	479
440	907
440	842
440	583
440	951
440	608
440	690
441	947
441	922
441	585
441	466
441	560
441	563
441	509
441	735
441	931
442	479
442	451
442	646
442	496
442	503
442	670
442	666
443	863
443	629
443	497
443	465
443	448
443	986
443	571
443	633
443	829
443	886
443	635
444	607
444	551
444	786
444	911
444	906
444	634
444	658
444	783
444	847
445	498
445	579
445	491
445	799
445	820
445	949
445	650
445	902
445	787
446	647
446	841
446	778
446	599
446	496
446	816
446	609
446	985
446	493
446	772
446	715
446	731
447	948
447	760
447	878
447	649
447	955
447	505
447	534
447	886
447	999
447	813
447	586
447	643
447	768
447	857
447	620
448	762
448	614
448	562
448	807
448	486
449	539
449	455
449	507
449	793
449	648
449	585
449	672
449	582
450	662
450	504
450	877
450	543
450	851
450	910
450	532
450	922
450	717
450	666
451	719
451	548
451	909
451	855
451	820
451	505
451	956
451	913
451	561
451	472
451	556
451	849
451	499
451	741
451	703
452	541
452	883
452	989
452	750
452	934
452	575
452	818
452	521
452	738
452	880
452	799
452	803
452	758
452	570
452	802
452	587
452	499
452	981
453	923
453	968
453	606
453	503
453	679
453	634
453	975
453	735
453	552
453	722
453	738
453	480
453	593
453	602
454	847
454	705
454	691
454	788
454	594
454	678
454	730
454	801
454	465
455	527
455	557
455	787
455	949
455	459
455	902
455	927
455	668
455	645
456	618
456	754
456	740
457	811
457	951
457	984
457	823
457	496
457	825
457	804
457	803
457	966
457	964
457	867
457	715
457	555
458	959
458	695
458	921
458	519
458	774
458	570
458	499
458	602
458	741
459	805
459	834
459	652
459	944
459	812
459	972
459	800
459	517
459	495
460	639
460	849
460	547
460	743
460	964
460	657
460	559
460	524
460	725
460	528
460	798
461	478
461	751
461	850
461	779
461	677
461	982
461	860
461	544
461	579
461	676
461	872
462	975
462	822
462	993
462	535
462	634
462	795
462	581
462	472
462	582
462	478
462	873
462	928
462	511
462	696
463	581
463	981
463	755
463	924
463	729
463	491
463	723
463	725
463	932
463	697
464	986
464	814
464	640
464	861
464	772
464	782
464	532
464	885
464	998
464	745
465	469
465	570
465	813
465	625
465	629
465	518
465	982
465	913
465	838
465	884
465	640
466	542
466	766
466	848
466	608
466	800
467	698
467	795
467	949
467	843
467	695
467	552
467	688
467	617
467	764
467	867
467	564
467	539
467	754
467	846
467	964
467	606
467	981
468	882
468	521
468	982
468	819
468	711
468	565
468	880
468	663
469	564
469	610
469	579
469	615
469	919
469	728
469	619
469	774
469	902
469	804
469	489
469	685
469	963
469	976
469	747
469	473
469	679
470	631
470	967
470	869
470	472
470	549
470	600
470	765
470	713
470	858
470	904
471	729
471	585
471	878
471	540
471	493
471	670
471	622
471	738
472	635
472	637
472	792
472	783
472	749
472	570
472	526
472	657
472	680
472	491
472	674
472	506
473	573
473	950
473	704
473	847
473	601
473	531
473	898
474	497
474	991
474	748
474	851
474	976
475	507
475	880
475	931
475	987
475	570
475	609
475	718
475	850
475	680
475	684
475	549
475	860
475	914
475	664
476	514
476	916
476	828
476	772
476	719
476	559
476	750
476	887
476	662
476	666
476	807
476	846
476	499
476	850
476	775
476	536
476	597
476	651
477	892
477	873
477	563
477	560
477	710
477	917
477	935
477	645
477	827
477	506
477	975
477	752
477	479
477	641
478	728
478	517
478	905
478	883
478	533
478	650
478	595
478	495
478	676
478	797
478	885
478	535
478	555
478	589
479	804
479	636
479	585
479	772
479	893
479	741
479	867
479	891
479	815
479	848
479	693
480	968
480	920
480	921
480	482
480	711
480	523
480	947
480	806
480	943
480	547
481	586
481	711
481	802
481	683
481	813
481	907
481	623
481	966
481	899
482	597
482	568
482	986
482	505
482	516
482	627
482	838
483	967
483	764
483	747
483	611
483	860
483	884
483	504
483	607
483	648
483	929
483	833
483	917
483	987
483	753
483	944
483	633
484	624
484	783
484	593
484	614
484	612
484	901
484	974
484	906
484	960
485	726
485	623
485	632
485	693
485	868
485	795
485	981
485	743
485	638
485	563
486	622
486	595
486	603
486	826
486	740
486	945
486	979
487	819
487	550
487	542
487	904
487	570
487	513
487	804
487	857
487	971
488	588
488	584
488	958
488	555
488	586
488	872
488	959
488	570
488	771
488	605
488	562
488	817
488	662
489	936
489	625
489	725
489	882
489	845
489	621
489	500
489	920
489	828
489	630
490	581
490	769
490	513
490	790
490	538
490	729
490	505
490	979
490	632
491	756
491	938
491	609
491	536
491	523
491	512
491	723
491	630
491	597
492	568
492	905
492	675
492	707
492	890
492	840
492	834
493	951
493	669
493	720
493	824
493	764
493	778
493	989
493	919
493	724
494	815
494	791
494	647
494	564
494	752
494	965
494	964
494	766
494	942
494	741
494	837
495	718
495	950
495	762
495	717
495	937
495	514
495	884
495	939
496	709
496	716
496	537
496	843
496	851
496	861
496	949
496	969
496	908
496	580
496	746
496	747
496	738
496	730
496	762
496	542
497	783
497	681
497	569
497	925
497	639
497	787
497	527
497	857
497	629
498	892
498	815
498	934
498	987
498	980
498	596
498	638
498	824
499	542
499	567
499	690
499	695
499	860
499	870
499	845
499	981
499	984
499	653
499	703
499	997
499	680
499	676
500	966
500	738
500	829
500	507
500	713
500	790
500	830
500	643
500	670
500	931
500	614
501	726
501	658
501	614
501	897
501	887
501	920
501	948
502	521
502	698
502	560
502	677
502	578
502	882
502	954
502	561
502	736
502	683
502	609
502	713
502	610
502	569
502	792
502	897
503	902
503	823
503	901
503	649
503	573
503	685
503	900
503	772
503	707
503	774
503	781
503	975
504	811
504	943
504	683
504	939
504	950
505	610
505	856
505	740
505	621
505	965
505	808
505	616
505	899
506	739
506	847
506	755
506	587
506	826
506	843
506	641
507	927
507	578
507	733
507	765
507	830
507	885
507	863
507	600
507	644
507	669
507	922
507	860
507	632
508	931
508	627
508	847
508	757
508	853
508	906
508	955
508	633
508	735
508	786
508	673
508	831
508	826
509	831
509	935
509	581
509	889
509	734
509	705
509	797
509	626
510	702
510	692
510	770
510	923
510	916
510	589
510	976
510	675
511	825
511	814
511	718
511	695
511	672
511	863
511	590
511	722
511	784
511	568
511	908
512	604
512	548
512	631
512	535
512	934
512	986
512	985
512	746
512	762
513	612
513	624
513	655
513	644
513	904
513	697
514	650
514	953
514	655
514	848
514	614
514	956
514	883
514	546
514	894
515	669
515	849
515	978
515	881
515	596
515	547
515	924
515	628
515	818
515	634
515	693
515	866
515	777
515	648
516	741
516	853
516	628
516	866
517	883
517	895
517	810
517	667
517	665
517	867
517	798
517	887
517	915
517	979
517	743
517	861
517	917
517	616
517	523
518	707
518	746
518	702
518	700
518	655
518	904
518	652
519	998
520	690
520	726
520	776
520	860
520	878
520	643
520	846
521	702
521	822
521	714
521	538
521	665
521	880
521	804
521	688
521	870
522	704
522	858
522	586
522	734
522	721
522	804
522	864
523	758
523	934
523	685
523	651
523	928
523	879
523	734
523	769
523	620
523	917
523	922
523	806
523	946
523	722
523	713
523	851
524	871
524	808
524	766
524	801
524	543
524	776
524	665
524	740
525	647
525	872
525	982
525	907
525	802
525	886
526	968
526	709
526	655
526	850
526	811
526	536
526	657
526	914
526	844
526	635
526	642
526	719
526	598
526	904
526	694
526	941
527	571
527	603
527	644
527	922
527	559
527	762
527	862
527	708
527	957
528	923
528	983
528	712
528	801
528	839
528	636
528	533
528	959
528	948
529	626
529	976
529	655
529	966
529	839
529	595
529	992
529	638
529	818
529	883
529	912
529	629
529	994
529	851
529	683
529	609
530	994
530	853
530	775
530	776
530	681
530	612
530	616
531	534
531	686
531	759
531	612
531	988
531	885
531	640
531	807
531	613
531	962
531	547
531	624
531	729
531	539
532	629
532	732
532	660
532	621
532	836
532	683
532	551
532	667
532	881
532	717
532	750
532	655
532	572
532	703
532	814
533	617
533	897
533	941
533	868
533	725
533	825
533	623
533	937
533	797
533	700
534	640
534	969
534	971
534	733
534	862
535	989
535	610
535	660
535	871
535	832
535	801
535	957
535	777
535	986
535	617
536	864
536	757
536	892
536	573
536	920
536	963
536	640
536	979
536	691
536	976
536	762
537	984
537	884
537	833
537	847
537	670
537	882
537	763
537	858
537	904
538	983
538	646
538	541
538	683
538	846
538	771
538	938
538	886
539	901
539	864
539	577
539	730
539	958
539	684
539	773
539	616
539	889
539	890
539	820
540	620
540	597
540	816
540	610
540	716
540	694
540	833
540	546
540	545
540	962
541	654
541	627
541	936
541	548
541	819
541	777
541	680
541	743
541	808
541	763
541	637
541	681
541	576
541	838
542	956
542	984
542	696
542	788
542	747
542	804
542	962
542	611
542	546
542	548
542	872
542	945
543	884
543	692
543	640
543	967
544	571
544	677
544	768
544	641
544	579
544	698
545	742
545	798
545	984
545	943
545	632
545	958
545	835
545	634
545	777
546	964
546	733
546	967
546	817
546	901
546	653
547	942
547	772
547	864
547	703
547	918
547	792
547	570
547	838
547	609
547	701
547	572
548	766
548	959
548	663
548	628
548	922
548	925
548	584
548	852
548	962
548	566
548	691
549	668
549	975
549	794
549	704
549	819
549	928
549	962
549	648
550	622
550	881
550	749
550	869
550	676
550	955
550	664
550	562
550	758
550	877
551	972
551	631
551	874
551	578
551	931
551	808
551	552
551	922
552	717
552	572
552	868
553	653
553	569
553	760
553	780
553	724
554	980
554	780
554	733
554	851
554	971
554	724
554	828
555	921
555	741
555	849
555	615
555	780
555	571
555	717
555	691
555	622
555	821
555	836
555	610
556	771
556	586
556	915
556	739
556	608
556	651
556	908
557	870
557	872
557	687
557	645
557	831
557	981
557	589
557	840
557	946
557	661
557	895
557	572
557	655
558	983
558	949
558	866
558	683
558	947
558	583
558	707
558	921
558	626
558	622
558	651
558	779
558	719
558	757
558	566
559	792
559	704
559	869
559	864
559	834
559	965
559	806
559	843
559	906
559	789
559	587
560	875
560	772
560	564
560	788
560	810
560	999
560	881
560	789
560	905
560	694
560	752
560	996
560	749
560	796
561	762
561	721
561	600
561	771
561	950
561	983
561	712
561	956
561	900
561	588
561	838
562	841
562	643
562	737
562	952
562	645
563	797
563	971
563	733
563	652
563	577
563	911
564	959
564	742
564	713
564	879
564	827
564	937
564	670
564	860
564	996
564	650
564	890
565	788
565	646
565	853
565	587
565	948
565	776
565	943
565	630
565	707
565	623
566	845
566	740
566	566
567	709
567	680
567	761
567	601
567	568
567	672
567	884
567	839
567	871
567	753
567	899
567	969
567	916
567	976
567	847
567	599
567	838
568	755
568	825
568	704
568	721
568	953
568	885
568	992
568	573
568	608
568	601
568	731
569	816
569	682
569	599
569	627
569	600
569	625
569	964
569	947
569	746
570	932
570	643
570	832
570	624
570	801
570	581
571	698
571	743
571	799
571	774
571	724
571	575
571	777
572	769
572	628
572	872
572	666
572	818
572	882
573	873
573	578
573	928
573	813
573	666
573	712
573	869
573	616
573	686
574	732
574	762
574	822
574	991
574	793
574	840
574	735
574	971
574	988
574	965
574	708
574	747
575	735
575	698
575	990
575	633
575	875
576	946
576	925
576	750
576	612
577	578
577	705
577	603
577	722
577	744
577	583
577	928
578	620
578	858
578	965
578	947
578	724
578	655
578	921
579	973
579	694
579	750
579	947
579	746
579	612
579	852
579	850
579	801
580	718
580	930
580	808
580	628
580	797
580	615
580	904
580	629
580	707
580	875
581	751
581	616
581	593
581	779
581	773
581	638
581	681
581	969
581	718
582	678
582	702
582	591
582	947
582	625
582	784
582	608
582	693
583	877
583	605
583	749
583	794
583	792
584	848
584	804
584	911
584	867
584	769
584	996
585	841
585	591
585	596
585	744
585	733
585	994
585	985
585	738
585	606
586	968
586	689
586	843
586	921
586	817
586	934
586	680
586	695
586	815
586	922
586	978
587	929
587	819
587	943
587	922
587	844
587	645
587	838
587	874
587	711
587	800
587	702
587	805
588	743
588	939
588	740
588	884
588	596
588	690
588	677
588	658
588	680
589	743
589	802
589	898
589	744
589	607
589	745
589	926
589	830
590	624
590	817
590	914
590	990
591	863
591	771
591	982
591	749
591	707
591	838
591	901
591	658
591	709
592	959
592	997
592	791
592	800
592	966
592	843
593	912
593	634
593	655
593	788
593	937
593	853
593	823
593	978
593	848
594	829
594	986
594	612
594	676
594	693
594	619
594	810
594	616
594	913
595	655
595	786
595	916
595	622
595	747
595	821
595	914
595	901
596	947
596	890
596	911
596	704
596	781
596	983
596	960
596	613
597	753
597	906
597	957
597	734
597	920
597	632
597	807
597	900
597	728
597	674
598	881
598	631
598	733
598	905
598	687
599	758
599	672
599	857
599	953
599	985
599	760
599	829
599	868
599	667
599	652
600	754
600	667
600	677
600	977
600	919
600	615
600	766
600	912
600	791
600	900
601	851
601	767
601	778
601	890
601	613
601	967
601	659
601	735
601	858
602	945
602	758
602	982
602	695
602	703
602	850
602	681
602	657
602	968
602	934
602	778
602	623
603	666
603	681
604	898
604	884
604	659
604	984
605	877
605	887
605	664
605	746
605	987
605	872
606	671
606	919
606	861
606	644
607	672
607	987
607	667
607	890
607	779
607	641
607	777
607	922
608	755
608	667
608	962
608	695
608	694
608	890
608	750
608	654
608	686
609	869
609	781
609	814
609	681
609	798
609	903
609	915
610	890
610	737
610	863
610	906
610	800
610	710
610	988
610	704
610	862
610	699
610	939
610	709
610	653
610	718
610	648
611	994
611	819
611	754
611	793
612	862
612	720
612	831
612	703
612	817
612	768
612	658
613	847
613	756
613	956
613	968
613	700
613	945
614	941
614	865
614	738
614	800
614	615
615	990
615	958
615	731
615	705
615	929
616	865
616	745
616	808
616	884
616	680
616	868
616	978
616	733
616	788
617	752
617	940
617	619
617	877
617	660
617	639
617	753
617	648
618	814
618	688
618	783
618	971
618	787
618	853
619	993
619	914
619	675
619	660
619	696
619	795
620	818
620	927
620	650
621	972
621	727
621	950
621	814
622	831
622	947
622	646
622	709
622	955
622	974
622	822
622	635
623	862
623	811
623	743
623	653
623	839
623	786
623	978
623	851
623	832
623	833
623	928
624	910
624	996
624	629
624	934
624	632
624	753
624	720
624	708
624	974
625	667
625	637
625	686
625	799
625	762
625	797
625	917
626	866
626	860
626	695
626	914
626	900
626	738
626	724
626	715
626	768
627	829
627	939
627	677
627	690
627	821
627	880
628	925
628	865
628	752
628	851
628	986
628	939
629	895
629	820
629	670
629	942
630	850
630	946
630	673
630	740
630	924
631	811
631	944
631	876
631	928
631	938
632	885
632	697
632	663
632	704
633	977
633	843
633	812
633	722
633	875
633	849
633	853
633	868
634	996
634	721
634	812
634	931
634	648
634	832
634	848
635	862
635	874
635	924
635	724
635	685
635	860
636	733
636	917
636	825
636	919
637	898
637	847
637	937
637	975
637	979
637	990
637	751
637	718
638	888
638	768
638	875
638	938
638	994
638	851
638	807
638	896
639	687
639	871
639	832
639	716
639	950
639	953
639	756
639	877
639	880
639	903
639	771
639	781
639	895
640	756
640	774
640	788
640	746
640	750
640	685
640	642
640	865
640	962
641	930
641	738
641	891
641	722
641	675
641	820
641	682
641	687
642	870
642	827
642	787
642	824
642	931
642	806
643	950
643	749
643	681
643	763
643	951
643	875
643	726
643	851
644	710
644	891
644	999
644	877
644	792
644	757
644	866
644	978
644	653
645	887
645	802
645	923
645	884
645	982
645	736
645	691
645	673
645	975
645	931
646	973
646	700
646	772
646	887
646	891
646	950
646	946
646	724
646	941
646	690
646	820
647	695
647	796
647	784
647	711
647	756
647	879
648	993
648	865
648	708
648	971
649	726
649	713
650	725
650	770
650	983
650	971
650	894
650	815
650	678
651	894
651	980
651	867
651	852
652	989
652	891
652	831
652	833
652	954
652	704
653	718
653	733
653	704
653	996
653	902
653	972
653	960
653	858
653	826
653	912
654	978
654	965
654	840
654	930
654	711
654	689
655	996
655	728
655	759
655	678
655	777
655	904
655	744
655	734
655	962
656	721
656	890
656	741
656	663
656	847
657	903
657	742
657	880
657	922
657	762
658	777
658	801
658	930
658	904
658	928
658	880
658	936
658	847
658	664
658	951
658	916
658	810
658	898
658	680
659	816
659	752
660	675
660	899
660	997
660	801
660	742
660	969
660	780
661	999
661	782
661	738
661	814
661	928
661	825
661	833
661	767
661	748
662	861
662	833
662	757
662	766
662	996
662	669
663	687
663	878
663	961
663	874
663	674
663	681
663	680
664	762
664	942
664	902
664	905
664	873
664	836
664	885
665	809
665	713
665	748
665	680
666	721
666	736
666	678
666	968
667	970
667	840
667	832
667	920
667	931
667	719
667	757
667	812
667	833
667	806
667	999
667	680
668	957
668	878
668	848
668	737
669	755
669	706
669	865
669	984
669	723
670	730
670	905
670	825
670	992
670	873
671	763
671	893
671	949
671	938
671	804
672	761
672	736
672	937
672	723
672	887
672	919
673	831
673	849
674	988
674	740
674	799
674	980
674	779
674	941
674	905
674	703
674	782
675	941
675	995
675	929
675	713
675	675
675	979
675	700
675	954
675	883
675	752
676	720
676	768
676	732
676	974
676	913
677	757
677	949
677	679
677	779
677	835
677	732
677	927
677	942
678	985
678	785
678	813
678	796
678	953
678	899
679	899
679	857
679	995
679	906
679	938
679	776
680	707
680	980
680	790
680	708
680	783
680	735
680	755
681	762
681	700
681	944
681	769
681	779
681	826
681	906
681	946
681	937
681	694
681	953
682	898
682	924
682	903
682	946
683	757
683	819
683	922
683	817
683	781
683	867
683	796
683	839
684	846
684	979
684	865
684	696
685	764
685	877
685	924
685	705
685	920
685	704
685	863
685	978
685	838
685	695
685	772
685	898
686	944
686	897
686	706
686	751
687	693
687	952
687	767
688	830
688	861
688	995
688	875
688	878
689	994
689	945
689	713
689	981
690	776
690	918
690	843
690	875
690	981
690	891
690	718
690	861
691	996
691	824
692	797
692	870
692	980
693	705
693	973
693	828
693	830
694	800
694	959
694	875
694	746
694	729
694	704
695	992
695	874
695	780
695	901
696	933
696	803
696	751
696	942
696	893
696	962
697	999
697	794
697	937
697	966
697	890
697	860
697	780
698	724
698	813
698	703
699	827
699	873
699	719
699	731
699	940
699	866
699	921
699	790
699	725
700	901
700	843
700	864
700	841
700	824
700	896
700	965
700	875
701	741
701	937
701	740
701	888
701	936
701	877
701	793
701	988
702	912
702	714
702	704
702	831
702	735
703	731
703	977
703	747
703	948
703	865
703	961
703	850
703	773
703	981
704	716
704	981
704	781
704	746
704	751
705	939
705	902
705	810
705	872
705	942
705	747
706	888
706	866
706	806
706	812
707	901
707	985
707	726
707	899
707	921
707	949
708	929
708	808
708	780
709	900
709	725
709	827
709	920
709	840
709	878
709	774
709	759
709	893
710	795
710	752
710	921
710	913
710	903
710	957
711	881
711	926
711	835
711	750
711	798
711	960
712	996
712	841
712	759
712	972
713	846
713	841
713	811
713	716
714	902
714	999
714	972
715	950
715	828
715	797
715	778
715	985
715	917
715	854
715	803
716	869
716	863
716	991
717	826
717	732
717	891
717	808
717	744
718	827
718	979
718	807
719	987
719	906
719	921
719	963
720	976
720	830
720	925
720	819
720	950
720	802
720	954
720	828
720	810
721	878
721	792
721	900
721	768
721	722
722	847
722	997
722	813
723	828
723	790
723	909
723	950
723	757
724	902
724	788
724	725
724	842
724	933
724	889
725	777
725	821
725	761
725	882
725	760
725	764
725	742
725	944
726	737
726	749
726	961
726	992
727	734
727	854
727	797
728	765
728	746
728	994
728	841
728	897
728	968
728	804
729	950
729	793
729	955
729	817
729	851
730	923
730	784
730	900
730	857
730	810
731	741
731	773
731	978
731	995
731	980
732	875
732	828
732	762
732	899
732	803
733	968
733	996
733	766
733	769
734	904
734	779
734	878
734	739
734	866
734	980
734	893
735	872
735	951
735	897
735	750
735	737
735	947
736	966
736	985
736	912
736	771
736	757
736	831
736	768
737	883
737	980
737	945
737	932
738	965
738	959
738	852
738	938
738	914
738	956
738	739
739	816
739	777
739	751
739	883
739	832
739	978
740	776
740	759
740	925
740	779
741	835
741	806
741	991
741	978
741	745
741	789
742	840
742	866
742	912
742	795
742	996
743	826
743	816
743	938
743	771
743	932
743	964
744	967
744	754
744	830
744	856
745	867
745	903
745	893
745	909
745	883
745	827
745	886
745	765
746	868
746	910
746	806
746	989
746	819
746	986
746	786
746	953
746	931
746	792
746	860
747	754
747	997
747	837
747	755
747	901
747	979
748	853
749	780
749	787
749	896
749	837
750	773
750	925
750	793
750	820
751	990
751	812
751	772
751	835
752	881
752	807
752	999
752	820
753	754
753	863
754	863
754	864
754	786
754	825
754	940
754	757
755	931
755	773
755	999
755	774
755	768
756	834
756	982
757	934
757	825
757	987
757	925
757	774
758	775
759	833
759	982
759	893
759	941
759	823
760	805
760	864
760	960
760	852
760	795
760	876
761	983
761	914
761	936
761	941
762	907
762	914
762	806
762	897
763	990
763	790
763	812
763	880
763	958
763	803
763	862
763	881
764	961
764	921
764	773
764	797
765	956
765	855
765	833
765	897
766	956
766	863
766	932
766	923
766	976
766	916
766	955
767	925
767	957
767	772
767	874
768	839
768	887
768	921
768	946
768	875
768	772
768	880
769	844
769	946
770	921
770	908
770	858
770	887
770	848
770	847
771	900
771	805
772	826
772	910
772	912
772	975
772	867
772	868
772	877
773	892
773	889
773	947
773	826
773	860
773	937
774	938
774	778
774	832
775	995
775	997
775	959
775	984
776	820
777	920
777	866
777	862
778	824
778	933
778	833
778	934
778	842
779	921
779	936
780	870
780	878
780	918
780	927
781	932
781	802
781	974
781	857
781	812
781	987
782	999
782	930
783	981
783	808
784	905
784	927
784	865
784	988
784	909
785	956
785	905
785	930
785	852
785	999
785	834
786	822
786	922
787	974
787	900
787	984
787	836
787	923
788	806
788	872
788	990
789	836
789	988
789	814
789	916
789	881
790	916
790	831
790	969
790	900
790	948
791	927
791	792
791	965
791	827
792	964
792	890
792	957
792	905
793	929
793	943
793	888
794	884
794	992
794	840
794	915
795	849
795	988
795	807
795	819
795	895
795	853
795	896
796	872
796	975
796	923
796	942
797	869
797	830
797	937
797	921
798	849
798	836
798	808
798	846
798	961
798	847
799	972
799	917
799	931
799	922
800	904
800	894
800	881
801	820
801	876
801	958
802	986
802	877
803	964
803	989
803	849
803	808
803	944
803	929
804	970
804	878
804	967
804	993
804	805
804	947
804	846
805	984
805	871
805	921
805	878
805	866
805	926
805	860
806	945
806	849
806	817
806	963
807	875
807	960
807	896
808	945
808	833
808	960
808	962
808	964
808	837
809	968
810	820
811	974
811	816
811	877
811	941
812	902
813	830
814	900
814	914
814	999
815	906
815	998
815	967
816	956
816	962
817	866
817	851
818	984
818	982
818	896
818	913
818	990
819	843
819	982
819	890
819	874
820	978
820	910
821	969
821	842
821	893
821	910
822	858
822	902
822	856
823	826
823	963
823	940
823	862
823	972
824	991
824	864
824	858
825	986
825	898
825	888
825	834
825	848
826	829
826	890
826	995
826	988
826	857
827	932
827	995
827	827
827	842
827	859
828	923
828	948
828	957
829	991
830	831
830	900
831	903
831	900
831	889
832	955
832	863
832	961
832	847
832	963
832	911
833	837
833	958
833	862
833	923
833	863
833	951
834	998
834	938
834	967
835	905
835	896
835	937
837	996
837	963
837	920
838	976
838	874
838	853
838	988
840	854
840	976
840	856
840	895
841	950
841	981
842	873
842	844
842	922
843	866
843	981
843	844
843	918
843	886
844	971
844	868
844	882
844	850
844	930
844	932
845	916
846	977
846	960
846	853
847	867
847	915
847	890
847	864
847	872
849	914
849	988
850	907
850	893
850	951
851	890
852	914
852	987
852	996
852	995
854	881
854	927
854	962
855	874
855	941
855	986
856	950
856	937
857	878
858	959
858	992
859	975
859	987
860	901
860	914
860	881
860	964
861	994
861	935
861	920
862	961
862	889
862	910
863	958
863	882
864	972
864	986
865	940
865	964
865	905
865	868
865	910
865	939
865	984
866	982
866	902
866	867
866	887
866	882
867	926
867	943
868	907
868	925
868	961
869	943
870	920
870	895
870	930
871	980
872	873
872	916
872	927
872	981
873	935
874	944
874	876
875	976
876	942
876	999
876	937
877	921
878	893
878	975
878	953
879	980
880	902
880	993
880	936
881	982
881	921
881	941
882	943
882	913
882	992
882	998
883	890
883	933
884	985
884	957
884	937
885	926
885	946
885	956
885	954
886	945
886	897
887	920
887	910
887	919
887	906
888	984
889	972
889	932
890	972
890	967
891	982
891	923
891	908
892	969
892	926
893	932
893	997
893	895
893	897
893	980
893	982
894	895
894	959
894	994
895	980
895	913
895	968
895	972
896	947
896	928
897	971
897	938
898	936
898	916
899	914
899	935
900	914
900	924
901	940
901	988
901	966
902	994
902	916
903	973
903	950
904	920
904	962
906	979
906	971
907	927
908	914
908	916
909	954
909	994
909	949
909	986
910	975
911	987
912	978
913	992
913	989
913	917
914	969
916	976
917	935
917	937
917	966
920	933
921	986
922	963
923	973
923	991
923	949
923	965
923	970
924	963
924	954
925	943
925	937
927	982
927	933
927	994
927	964
929	939
930	997
932	933
932	977
932	954
933	934
933	964
933	983
934	975
934	953
934	936
937	956
937	961
938	943
938	959
939	954
939	988
939	998
940	973
941	950
941	981
942	953
943	985
944	992
944	951
946	986
947	976
948	962
949	984
949	999
950	953
950	975
951	957
953	966
954	980
956	988
956	980
963	968
963	969
963	973
965	972
965	995
971	980
976	991
976	995
977	985
977	977
978	992
984	996
984	995
987	991
997	997
